1 2
3 3
6 4
10 5
15 6
2 3
5 4
9 5
14 6
20 7
27 8
35 9
44 10
54 11
65 12
77 13
90 14
104 15
119 16
3 4
7 5
12 6
18 7
25 8
33 9
42 10
52 11
63 12
75 13
88 14
102 15
117 16
4 5
9 6
15 7
5 6
11 7
18 8
26 9
35 10
45 11
56 12
68 13
81 14
95 15
110 16
6 7
13 8
21 9
30 10
40 11
51 12
63 13
76 14
90 15
105 16
7 8
15 9
8 9
17 10
27 11
38 12
50 13
63 14
77 15
92 16
9 10
19 11
30 12
42 13
55 14
69 15
84 16
10 11
21 12
33 13
46 14
60 15
75 16
11 12
23 13
36 14
50 15
65 16
12 13
25 14
39 15
54 16
13 14
27 15
42 16
14 15
29 16
15 16
4 
