0 0
1 0
2 1
3 4
4 6
5 12
6 15
7 18
8 21
9 32
10 36
11 40
12 44
13 48
14 52
15 56
16 60
17 80
18 85
19 90
20 95
21 100
22 105
23 110
24 115
25 120
26 125
27 130
28 135
29 140
30 145
31 150
32 155
33 192
34 198
35 204
36 210
37 216
38 222
39 228
40 234
41 240
42 246
43 252
44 258
45 264
46 270
47 276
48 282
49 288
50 294
51 300
52 306
53 312
54 318
55 324
56 330
57 336
58 342
59 348
60 354
61 360
62 366
63 372
64 378
65 448
66 455
67 462
68 469
69 476
70 483
71 490
72 497
73 504
74 511
75 518
76 525
77 532
78 539
79 546
80 553
81 560
82 567
83 574
84 581
85 588
86 595
87 602
88 609
89 616
90 623
91 630
92 637
93 644
94 651
95 658
96 665
97 672
98 679
99 686
100 693
101 700
102 707
103 714
104 721
105 728
106 735
107 742
108 749
109 756
110 763
111 770
112 777
113 784
114 791
115 798
116 805
117 812
118 819
119 826
120 833
121 840
122 847
123 854
124 861
125 868
126 875
127 882
128 889
129 1024
130 1032
131 1040
132 1048
133 1056
134 1064
135 1072
136 1080
137 1088
138 1096
139 1104
140 1112
141 1120
142 1128
143 1136
144 1144
145 1152
146 1160
147 1168
148 1176
149 1184
150 1192
151 1200
152 1208
153 1216
154 1224
155 1232
156 1240
157 1248
158 1256
159 1264
160 1272
161 1280
162 1288
163 1296
164 1304
165 1312
166 1320
167 1328
168 1336
169 1344
170 1352
171 1360
172 1368
173 1376
174 1384
175 1392
176 1400
177 1408
178 1416
179 1424
180 1432
181 1440
182 1448
183 1456
184 1464
185 1472
186 1480
187 1488
188 1496
189 1504
190 1512
191 1520
192 1528
193 1536
194 1544
195 1552
196 1560
197 1568
198 1576
199 1584
200 1592
201 1600
202 1608
203 1616
204 1624
205 1632
206 1640
207 1648
208 1656
209 1664
210 1672
211 1680
212 1688
213 1696
214 1704
215 1712
216 1720
217 1728
218 1736
219 1744
220 1752
221 1760
222 1768
223 1776
224 1784
225 1792
226 1800
227 1808
228 1816
229 1824
230 1832
231 1840
232 1848
233 1856
234 1864
235 1872
236 1880
237 1888
238 1896
239 1904
240 1912
241 1920
242 1928
243 1936
244 1944
245 1952
246 1960
247 1968
248 1976
249 1984
250 1992
251 2000
252 2008
253 2016
254 2024
255 2032
256 2040
257 2304
258 2313
259 2322
260 2331
261 2340
262 2349
263 2358
264 2367
265 2376
266 2385
267 2394
268 2403
269 2412
270 2421
271 2430
272 2439
273 2448
274 2457
275 2466
276 2475
277 2484
278 2493
279 2502
280 2511
281 2520
282 2529
283 2538
284 2547
285 2556
286 2565
287 2574
288 2583
289 2592
290 2601
291 2610
292 2619
293 2628
294 2637
295 2646
296 2655
297 2664
298 2673
299 2682
300 2691
301 2700
302 2709
303 2718
304 2727
305 2736
306 2745
307 2754
308 2763
309 2772
310 2781
311 2790
312 2799
313 2808
314 2817
315 2826
316 2835
317 2844
318 2853
319 2862
320 2871
321 2880
322 2889
323 2898
324 2907
325 2916
326 2925
327 2934
328 2943
329 2952
330 2961
331 2970
332 2979
333 2988
334 2997
335 3006
336 3015
337 3024
338 3033
339 3042
340 3051
341 3060
342 3069
343 3078
344 3087
345 3096
346 3105
347 3114
348 3123
349 3132
350 3141
351 3150
352 3159
353 3168
354 3177
355 3186
356 3195
357 3204
358 3213
359 3222
360 3231
361 3240
362 3249
363 3258
364 3267
365 3276
366 3285
367 3294
368 3303
369 3312
370 3321
371 3330
372 3339
373 3348
374 3357
375 3366
376 3375
377 3384
378 3393
379 3402
380 3411
381 3420
382 3429
383 3438
384 3447
385 3456
386 3465
387 3474
388 3483
389 3492
390 3501
391 3510
392 3519
393 3528
394 3537
395 3546
396 3555
397 3564
398 3573
399 3582
400 3591
401 3600
402 3609
403 3618
404 3627
405 3636
406 3645
407 3654
408 3663
409 3672
410 3681
411 3690
412 3699
413 3708
414 3717
415 3726
416 3735
417 3744
418 3753
419 3762
420 3771
421 3780
422 3789
423 3798
424 3807
425 3816
426 3825
427 3834
428 3843
429 3852
430 3861
431 3870
432 3879
433 3888
434 3897
435 3906
436 3915
437 3924
438 3933
439 3942
440 3951
441 3960
442 3969
443 3978
444 3987
445 3996
446 4005
447 4014
448 4023
449 4032
450 4041
451 4050
452 4059
453 4068
454 4077
455 4086
456 4095
457 4104
458 4113
459 4122
460 4131
461 4140
462 4149
463 4158
464 4167
465 4176
466 4185
467 4194
468 4203
469 4212
470 4221
471 4230
472 4239
473 4248
474 4257
475 4266
476 4275
477 4284
478 4293
479 4302
480 4311
481 4320
482 4329
483 4338
484 4347
485 4356
486 4365
487 4374
488 4383
489 4392
490 4401
491 4410
492 4419
493 4428
494 4437
495 4446
496 4455
497 4464
498 4473
499 4482
500 4491
501 4500
502 4509
503 4518
504 4527
505 4536
506 4545
507 4554
508 4563
509 4572
510 4581
511 4590
512 4599
513 5120
514 5130
515 5140
516 5150
517 5160
518 5170
519 5180
520 5190
521 5200
522 5210
523 5220
524 5230
525 5240
526 5250
527 5260
528 5270
529 5280
530 5290
531 5300
532 5310
533 5320
534 5330
535 5340
536 5350
537 5360
538 5370
539 5380
540 5390
541 5400
542 5410
543 5420
544 5430
545 5440
546 5450
547 5460
548 5470
549 5480
550 5490
551 5500
552 5510
553 5520
554 5530
555 5540
556 5550
557 5560
558 5570
559 5580
560 5590
561 5600
562 5610
563 5620
564 5630
565 5640
566 5650
567 5660
568 5670
569 5680
570 5690
571 5700
572 5710
573 5720
574 5730
575 5740
576 5750
577 5760
578 5770
579 5780
580 5790
581 5800
582 5810
583 5820
584 5830
585 5840
586 5850
587 5860
588 5870
589 5880
590 5890
591 5900
592 5910
593 5920
594 5930
595 5940
596 5950
597 5960
598 5970
599 5980
600 5990
601 6000
602 6010
603 6020
604 6030
605 6040
606 6050
607 6060
608 6070
609 6080
610 6090
611 6100
612 6110
613 6120
614 6130
615 6140
616 6150
617 6160
618 6170
619 6180
620 6190
621 6200
622 6210
623 6220
624 6230
625 6240
626 6250
627 6260
628 6270
629 6280
630 6290
631 6300
632 6310
633 6320
634 6330
635 6340
636 6350
637 6360
638 6370
639 6380
640 6390
641 6400
642 6410
643 6420
644 6430
645 6440
646 6450
647 6460
648 6470
649 6480
650 6490
651 6500
652 6510
653 6520
654 6530
655 6540
656 6550
657 6560
658 6570
659 6580
660 6590
661 6600
662 6610
663 6620
664 6630
665 6640
666 6650
667 6660
668 6670
669 6680
670 6690
671 6700
672 6710
673 6720
674 6730
675 6740
676 6750
677 6760
678 6770
679 6780
680 6790
681 6800
682 6810
683 6820
684 6830
685 6840
686 6850
687 6860
688 6870
689 6880
690 6890
691 6900
692 6910
693 6920
694 6930
695 6940
696 6950
697 6960
698 6970
699 6980
700 6990
701 7000
702 7010
703 7020
704 7030
705 7040
706 7050
707 7060
708 7070
709 7080
710 7090
711 7100
712 7110
713 7120
714 7130
715 7140
716 7150
717 7160
718 7170
719 7180
720 7190
721 7200
722 7210
723 7220
724 7230
725 7240
726 7250
727 7260
728 7270
729 7280
730 7290
731 7300
732 7310
733 7320
734 7330
735 7340
736 7350
737 7360
738 7370
739 7380
740 7390
741 7400
742 7410
743 7420
744 7430
745 7440
746 7450
747 7460
748 7470
749 7480
750 7490
751 7500
752 7510
753 7520
754 7530
755 7540
756 7550
757 7560
758 7570
759 7580
760 7590
761 7600
762 7610
763 7620
764 7630
765 7640
766 7650
767 7660
768 7670
769 7680
770 7690
771 7700
772 7710
773 7720
774 7730
775 7740
776 7750
777 7760
778 7770
779 7780
780 7790
781 7800
782 7810
783 7820
784 7830
785 7840
786 7850
787 7860
788 7870
789 7880
790 7890
791 7900
792 7910
793 7920
794 7930
795 7940
796 7950
797 7960
798 7970
799 7980
800 7990
801 8000
802 8010
803 8020
804 8030
805 8040
806 8050
807 8060
808 8070
809 8080
810 8090
811 8100
812 8110
813 8120
814 8130
815 8140
816 8150
817 8160
818 8170
819 8180
820 8190
821 8200
822 8210
823 8220
824 8230
825 8240
826 8250
827 8260
828 8270
829 8280
830 8290
831 8300
832 8310
833 8320
834 8330
835 8340
836 8350
837 8360
838 8370
839 8380
840 8390
841 8400
842 8410
843 8420
844 8430
845 8440
846 8450
847 8460
848 8470
849 8480
850 8490
851 8500
852 8510
853 8520
854 8530
855 8540
856 8550
857 8560
858 8570
859 8580
860 8590
861 8600
862 8610
863 8620
864 8630
865 8640
866 8650
867 8660
868 8670
869 8680
870 8690
871 8700
872 8710
873 8720
874 8730
875 8740
876 8750
877 8760
878 8770
879 8780
880 8790
881 8800
882 8810
883 8820
884 8830
885 8840
886 8850
887 8860
888 8870
889 8880
890 8890
891 8900
892 8910
893 8920
894 8930
895 8940
896 8950
897 8960
898 8970
899 8980
900 8990
901 9000
902 9010
903 9020
904 9030
905 9040
906 9050
907 9060
908 9070
909 9080
910 9090
911 9100
912 9110
913 9120
914 9130
915 9140
916 9150
917 9160
918 9170
919 9180
920 9190
921 9200
922 9210
923 9220
924 9230
925 9240
926 9250
927 9260
928 9270
929 9280
930 9290
931 9300
932 9310
933 9320
934 9330
935 9340
936 9350
937 9360
938 9370
939 9380
940 9390
941 9400
942 9410
943 9420
944 9430
945 9440
946 9450
947 9460
948 9470
949 9480
950 9490
951 9500
952 9510
953 9520
954 9530
955 9540
956 9550
957 9560
958 9570
959 9580
960 9590
961 9600
962 9610
963 9620
964 9630
965 9640
966 9650
967 9660
968 9670
969 9680
970 9690
971 9700
972 9710
973 9720
974 9730
975 9740
976 9750
977 9760
978 9770
979 9780
980 9790
981 9800
982 9810
983 9820
984 9830
985 9840
986 9850
987 9860
988 9870
989 9880
990 9890
991 9900
992 9910
993 9920
994 9930
995 9940
996 9950
997 9960
998 9970
999 9980
