0 0
1 0
2 1
3 2
4 2
5 3
6 3
7 3
8 3
9 4
10 4
11 4
12 4
13 4
14 4
15 4
16 4
17 5
18 5
19 5
20 5
21 5
22 5
23 5
24 5
25 5
26 5
27 5
28 5
29 5
30 5
31 5
32 5
33 6
34 6
35 6
36 6
37 6
38 6
39 6
40 6
41 6
42 6
43 6
44 6
45 6
46 6
47 6
48 6
49 6
50 6
51 6
52 6
53 6
54 6
55 6
56 6
57 6
58 6
59 6
60 6
61 6
62 6
63 6
64 6
65 7
66 7
67 7
68 7
69 7
70 7
71 7
72 7
73 7
74 7
75 7
76 7
77 7
78 7
79 7
80 7
81 7
82 7
83 7
84 7
85 7
86 7
87 7
88 7
89 7
90 7
91 7
92 7
93 7
94 7
95 7
96 7
97 7
98 7
99 7
100 7
101 7
102 7
103 7
104 7
105 7
106 7
107 7
108 7
109 7
110 7
111 7
112 7
113 7
114 7
115 7
116 7
117 7
118 7
119 7
120 7
121 7
122 7
123 7
124 7
125 7
126 7
127 7
128 7
129 8
130 8
131 8
132 8
133 8
134 8
135 8
136 8
137 8
138 8
139 8
140 8
141 8
142 8
143 8
144 8
145 8
146 8
147 8
148 8
149 8
150 8
151 8
152 8
153 8
154 8
155 8
156 8
157 8
158 8
159 8
160 8
161 8
162 8
163 8
164 8
165 8
166 8
167 8
168 8
169 8
170 8
171 8
172 8
173 8
174 8
175 8
176 8
177 8
178 8
179 8
180 8
181 8
182 8
183 8
184 8
185 8
186 8
187 8
188 8
189 8
190 8
191 8
192 8
193 8
194 8
195 8
196 8
197 8
198 8
199 8
200 8
201 8
202 8
203 8
204 8
205 8
206 8
207 8
208 8
209 8
210 8
211 8
212 8
213 8
214 8
215 8
216 8
217 8
218 8
219 8
220 8
221 8
222 8
223 8
224 8
225 8
226 8
227 8
228 8
229 8
230 8
231 8
232 8
233 8
234 8
235 8
236 8
237 8
238 8
239 8
240 8
241 8
242 8
243 8
244 8
245 8
246 8
247 8
248 8
249 8
250 8
251 8
252 8
253 8
254 8
255 8
256 8
257 9
258 9
259 9
260 9
261 9
262 9
263 9
264 9
265 9
266 9
267 9
268 9
269 9
270 9
271 9
272 9
273 9
274 9
275 9
276 9
277 9
278 9
279 9
280 9
281 9
282 9
283 9
284 9
285 9
286 9
287 9
288 9
289 9
290 9
291 9
292 9
293 9
294 9
295 9
296 9
297 9
298 9
299 9
300 9
301 9
302 9
303 9
304 9
305 9
306 9
307 9
308 9
309 9
310 9
311 9
312 9
313 9
314 9
315 9
316 9
317 9
318 9
319 9
320 9
321 9
322 9
323 9
324 9
325 9
326 9
327 9
328 9
329 9
330 9
331 9
332 9
333 9
334 9
335 9
336 9
337 9
338 9
339 9
340 9
341 9
342 9
343 9
344 9
345 9
346 9
347 9
348 9
349 9
350 9
351 9
352 9
353 9
354 9
355 9
356 9
357 9
358 9
359 9
360 9
361 9
362 9
363 9
364 9
365 9
366 9
367 9
368 9
369 9
370 9
371 9
372 9
373 9
374 9
375 9
376 9
377 9
378 9
379 9
380 9
381 9
382 9
383 9
384 9
385 9
386 9
387 9
388 9
389 9
390 9
391 9
392 9
393 9
394 9
395 9
396 9
397 9
398 9
399 9
400 9
401 9
402 9
403 9
404 9
405 9
406 9
407 9
408 9
409 9
410 9
411 9
412 9
413 9
414 9
415 9
416 9
417 9
418 9
419 9
420 9
421 9
422 9
423 9
424 9
425 9
426 9
427 9
428 9
429 9
430 9
431 9
432 9
433 9
434 9
435 9
436 9
437 9
438 9
439 9
440 9
441 9
442 9
443 9
444 9
445 9
446 9
447 9
448 9
449 9
450 9
451 9
452 9
453 9
454 9
455 9
456 9
457 9
458 9
459 9
460 9
461 9
462 9
463 9
464 9
465 9
466 9
467 9
468 9
469 9
470 9
471 9
472 9
473 9
474 9
475 9
476 9
477 9
478 9
479 9
480 9
481 9
482 9
483 9
484 9
485 9
486 9
487 9
488 9
489 9
490 9
491 9
492 9
493 9
494 9
495 9
496 9
497 9
498 9
499 9
500 9
501 9
502 9
503 9
504 9
505 9
506 9
507 9
508 9
509 9
510 9
511 9
512 9
513 10
514 10
515 10
516 10
517 10
518 10
519 10
520 10
521 10
522 10
523 10
524 10
525 10
526 10
527 10
528 10
529 10
530 10
531 10
532 10
533 10
534 10
535 10
536 10
537 10
538 10
539 10
540 10
541 10
542 10
543 10
544 10
545 10
546 10
547 10
548 10
549 10
550 10
551 10
552 10
553 10
554 10
555 10
556 10
557 10
558 10
559 10
560 10
561 10
562 10
563 10
564 10
565 10
566 10
567 10
568 10
569 10
570 10
571 10
572 10
573 10
574 10
575 10
576 10
577 10
578 10
579 10
580 10
581 10
582 10
583 10
584 10
585 10
586 10
587 10
588 10
589 10
590 10
591 10
592 10
593 10
594 10
595 10
596 10
597 10
598 10
599 10
600 10
601 10
602 10
603 10
604 10
605 10
606 10
607 10
608 10
609 10
610 10
611 10
612 10
613 10
614 10
615 10
616 10
617 10
618 10
619 10
620 10
621 10
622 10
623 10
624 10
625 10
626 10
627 10
628 10
629 10
630 10
631 10
632 10
633 10
634 10
635 10
636 10
637 10
638 10
639 10
640 10
641 10
642 10
643 10
644 10
645 10
646 10
647 10
648 10
649 10
650 10
651 10
652 10
653 10
654 10
655 10
656 10
657 10
658 10
659 10
660 10
661 10
662 10
663 10
664 10
665 10
666 10
667 10
668 10
669 10
670 10
671 10
672 10
673 10
674 10
675 10
676 10
677 10
678 10
679 10
680 10
681 10
682 10
683 10
684 10
685 10
686 10
687 10
688 10
689 10
690 10
691 10
692 10
693 10
694 10
695 10
696 10
697 10
698 10
699 10
700 10
701 10
702 10
703 10
704 10
705 10
706 10
707 10
708 10
709 10
710 10
711 10
712 10
713 10
714 10
715 10
716 10
717 10
718 10
719 10
720 10
721 10
722 10
723 10
724 10
725 10
726 10
727 10
728 10
729 10
730 10
731 10
732 10
733 10
734 10
735 10
736 10
737 10
738 10
739 10
740 10
741 10
742 10
743 10
744 10
745 10
746 10
747 10
748 10
749 10
750 10
751 10
752 10
753 10
754 10
755 10
756 10
757 10
758 10
759 10
760 10
761 10
762 10
763 10
764 10
765 10
766 10
767 10
768 10
769 10
770 10
771 10
772 10
773 10
774 10
775 10
776 10
777 10
778 10
779 10
780 10
781 10
782 10
783 10
784 10
785 10
786 10
787 10
788 10
789 10
790 10
791 10
792 10
793 10
794 10
795 10
796 10
797 10
798 10
799 10
800 10
801 10
802 10
803 10
804 10
805 10
806 10
807 10
808 10
809 10
810 10
811 10
812 10
813 10
814 10
815 10
816 10
817 10
818 10
819 10
820 10
821 10
822 10
823 10
824 10
825 10
826 10
827 10
828 10
829 10
830 10
831 10
832 10
833 10
834 10
835 10
836 10
837 10
838 10
839 10
840 10
841 10
842 10
843 10
844 10
845 10
846 10
847 10
848 10
849 10
850 10
851 10
852 10
853 10
854 10
855 10
856 10
857 10
858 10
859 10
860 10
861 10
862 10
863 10
864 10
865 10
866 10
867 10
868 10
869 10
870 10
871 10
872 10
873 10
874 10
875 10
876 10
877 10
878 10
879 10
880 10
881 10
882 10
883 10
884 10
885 10
886 10
887 10
888 10
889 10
890 10
891 10
892 10
893 10
894 10
895 10
896 10
897 10
898 10
899 10
900 10
901 10
902 10
903 10
904 10
905 10
906 10
907 10
908 10
909 10
910 10
911 10
912 10
913 10
914 10
915 10
916 10
917 10
918 10
919 10
920 10
921 10
922 10
923 10
924 10
925 10
926 10
927 10
928 10
929 10
930 10
931 10
932 10
933 10
934 10
935 10
936 10
937 10
938 10
939 10
940 10
941 10
942 10
943 10
944 10
945 10
946 10
947 10
948 10
949 10
950 10
951 10
952 10
953 10
954 10
955 10
956 10
957 10
958 10
959 10
960 10
961 10
962 10
963 10
964 10
965 10
966 10
967 10
968 10
969 10
970 10
971 10
972 10
973 10
974 10
975 10
976 10
977 10
978 10
979 10
980 10
981 10
982 10
983 10
984 10
985 10
986 10
987 10
988 10
989 10
990 10
991 10
992 10
993 10
994 10
995 10
996 10
997 10
998 10
999 10
1000 10
1001 10
1002 10
1003 10
1004 10
1005 10
1006 10
1007 10
1008 10
1009 10
1010 10
1011 10
1012 10
1013 10
1014 10
1015 10
1016 10
1017 10
1018 10
1019 10
1020 10
1021 10
1022 10
1023 10
1024 10
1025 11
1026 11
1027 11
1028 11
1029 11
1030 11
1031 11
1032 11
1033 11
1034 11
1035 11
1036 11
1037 11
1038 11
1039 11
1040 11
1041 11
1042 11
1043 11
1044 11
1045 11
1046 11
1047 11
1048 11
1049 11
1050 11
1051 11
1052 11
1053 11
1054 11
1055 11
1056 11
1057 11
1058 11
1059 11
1060 11
1061 11
1062 11
1063 11
1064 11
1065 11
1066 11
1067 11
1068 11
1069 11
1070 11
1071 11
1072 11
1073 11
1074 11
1075 11
1076 11
1077 11
1078 11
1079 11
1080 11
1081 11
1082 11
1083 11
1084 11
1085 11
1086 11
1087 11
1088 11
1089 11
1090 11
1091 11
1092 11
1093 11
1094 11
1095 11
1096 11
1097 11
1098 11
1099 11
1100 11
1101 11
1102 11
1103 11
1104 11
1105 11
1106 11
1107 11
1108 11
1109 11
1110 11
1111 11
1112 11
1113 11
1114 11
1115 11
1116 11
1117 11
1118 11
1119 11
1120 11
1121 11
1122 11
1123 11
1124 11
1125 11
1126 11
1127 11
1128 11
1129 11
1130 11
1131 11
1132 11
1133 11
1134 11
1135 11
1136 11
1137 11
1138 11
1139 11
1140 11
1141 11
1142 11
1143 11
1144 11
1145 11
1146 11
1147 11
1148 11
1149 11
1150 11
1151 11
1152 11
1153 11
1154 11
1155 11
1156 11
1157 11
1158 11
1159 11
1160 11
1161 11
1162 11
1163 11
1164 11
1165 11
1166 11
1167 11
1168 11
1169 11
1170 11
1171 11
1172 11
1173 11
1174 11
1175 11
1176 11
1177 11
1178 11
1179 11
1180 11
1181 11
1182 11
1183 11
1184 11
1185 11
1186 11
1187 11
1188 11
1189 11
1190 11
1191 11
1192 11
1193 11
1194 11
1195 11
1196 11
1197 11
1198 11
1199 11
1200 11
1201 11
1202 11
1203 11
1204 11
1205 11
1206 11
1207 11
1208 11
1209 11
1210 11
1211 11
1212 11
1213 11
1214 11
1215 11
1216 11
1217 11
1218 11
1219 11
1220 11
1221 11
1222 11
1223 11
1224 11
1225 11
1226 11
1227 11
1228 11
1229 11
1230 11
1231 11
1232 11
1233 11
1234 11
1235 11
1236 11
1237 11
1238 11
1239 11
1240 11
1241 11
1242 11
1243 11
1244 11
1245 11
1246 11
1247 11
1248 11
1249 11
1250 11
1251 11
1252 11
1253 11
1254 11
1255 11
1256 11
1257 11
1258 11
1259 11
1260 11
1261 11
1262 11
1263 11
1264 11
1265 11
1266 11
1267 11
1268 11
1269 11
1270 11
1271 11
1272 11
1273 11
1274 11
1275 11
1276 11
1277 11
1278 11
1279 11
1280 11
1281 11
1282 11
1283 11
1284 11
1285 11
1286 11
1287 11
1288 11
1289 11
1290 11
1291 11
1292 11
1293 11
1294 11
1295 11
1296 11
1297 11
1298 11
1299 11
1300 11
1301 11
1302 11
1303 11
1304 11
1305 11
1306 11
1307 11
1308 11
1309 11
1310 11
1311 11
1312 11
1313 11
1314 11
1315 11
1316 11
1317 11
1318 11
1319 11
1320 11
1321 11
1322 11
1323 11
1324 11
1325 11
1326 11
1327 11
1328 11
1329 11
1330 11
1331 11
1332 11
1333 11
1334 11
1335 11
1336 11
1337 11
1338 11
1339 11
1340 11
1341 11
1342 11
1343 11
1344 11
1345 11
1346 11
1347 11
1348 11
1349 11
1350 11
1351 11
1352 11
1353 11
1354 11
1355 11
1356 11
1357 11
1358 11
1359 11
1360 11
1361 11
1362 11
1363 11
1364 11
1365 11
1366 11
1367 11
1368 11
1369 11
1370 11
1371 11
1372 11
1373 11
1374 11
1375 11
1376 11
1377 11
1378 11
1379 11
1380 11
1381 11
1382 11
1383 11
1384 11
1385 11
1386 11
1387 11
1388 11
1389 11
1390 11
1391 11
1392 11
1393 11
1394 11
1395 11
1396 11
1397 11
1398 11
1399 11
1400 11
1401 11
1402 11
1403 11
1404 11
1405 11
1406 11
1407 11
1408 11
1409 11
1410 11
1411 11
1412 11
1413 11
1414 11
1415 11
1416 11
1417 11
1418 11
1419 11
1420 11
1421 11
1422 11
1423 11
1424 11
1425 11
1426 11
1427 11
1428 11
1429 11
1430 11
1431 11
1432 11
1433 11
1434 11
1435 11
1436 11
1437 11
1438 11
1439 11
1440 11
1441 11
1442 11
1443 11
1444 11
1445 11
1446 11
1447 11
1448 11
1449 11
1450 11
1451 11
1452 11
1453 11
1454 11
1455 11
1456 11
1457 11
1458 11
1459 11
1460 11
1461 11
1462 11
1463 11
1464 11
1465 11
1466 11
1467 11
1468 11
1469 11
1470 11
1471 11
1472 11
1473 11
1474 11
1475 11
1476 11
1477 11
1478 11
1479 11
1480 11
1481 11
1482 11
1483 11
1484 11
1485 11
1486 11
1487 11
1488 11
1489 11
1490 11
1491 11
1492 11
1493 11
1494 11
1495 11
1496 11
1497 11
1498 11
1499 11
1500 11
1501 11
1502 11
1503 11
1504 11
1505 11
1506 11
1507 11
1508 11
1509 11
1510 11
1511 11
1512 11
1513 11
1514 11
1515 11
1516 11
1517 11
1518 11
1519 11
1520 11
1521 11
1522 11
1523 11
1524 11
1525 11
1526 11
1527 11
1528 11
1529 11
1530 11
1531 11
1532 11
1533 11
1534 11
1535 11
1536 11
1537 11
1538 11
1539 11
1540 11
1541 11
1542 11
1543 11
1544 11
1545 11
1546 11
1547 11
1548 11
1549 11
1550 11
1551 11
1552 11
1553 11
1554 11
1555 11
1556 11
1557 11
1558 11
1559 11
1560 11
1561 11
1562 11
1563 11
1564 11
1565 11
1566 11
1567 11
1568 11
1569 11
1570 11
1571 11
1572 11
1573 11
1574 11
1575 11
1576 11
1577 11
1578 11
1579 11
1580 11
1581 11
1582 11
1583 11
1584 11
1585 11
1586 11
1587 11
1588 11
1589 11
1590 11
1591 11
1592 11
1593 11
1594 11
1595 11
1596 11
1597 11
1598 11
1599 11
1600 11
1601 11
1602 11
1603 11
1604 11
1605 11
1606 11
1607 11
1608 11
1609 11
1610 11
1611 11
1612 11
1613 11
1614 11
1615 11
1616 11
1617 11
1618 11
1619 11
1620 11
1621 11
1622 11
1623 11
1624 11
1625 11
1626 11
1627 11
1628 11
1629 11
1630 11
1631 11
1632 11
1633 11
1634 11
1635 11
1636 11
1637 11
1638 11
1639 11
1640 11
1641 11
1642 11
1643 11
1644 11
1645 11
1646 11
1647 11
1648 11
1649 11
1650 11
1651 11
1652 11
1653 11
1654 11
1655 11
1656 11
1657 11
1658 11
1659 11
1660 11
1661 11
1662 11
1663 11
1664 11
1665 11
1666 11
1667 11
1668 11
1669 11
1670 11
1671 11
1672 11
1673 11
1674 11
1675 11
1676 11
1677 11
1678 11
1679 11
1680 11
1681 11
1682 11
1683 11
1684 11
1685 11
1686 11
1687 11
1688 11
1689 11
1690 11
1691 11
1692 11
1693 11
1694 11
1695 11
1696 11
1697 11
1698 11
1699 11
1700 11
1701 11
1702 11
1703 11
1704 11
1705 11
1706 11
1707 11
1708 11
1709 11
1710 11
1711 11
1712 11
1713 11
1714 11
1715 11
1716 11
1717 11
1718 11
1719 11
1720 11
1721 11
1722 11
1723 11
1724 11
1725 11
1726 11
1727 11
1728 11
1729 11
1730 11
1731 11
1732 11
1733 11
1734 11
1735 11
1736 11
1737 11
1738 11
1739 11
1740 11
1741 11
1742 11
1743 11
1744 11
1745 11
1746 11
1747 11
1748 11
1749 11
1750 11
1751 11
1752 11
1753 11
1754 11
1755 11
1756 11
1757 11
1758 11
1759 11
1760 11
1761 11
1762 11
1763 11
1764 11
1765 11
1766 11
1767 11
1768 11
1769 11
1770 11
1771 11
1772 11
1773 11
1774 11
1775 11
1776 11
1777 11
1778 11
1779 11
1780 11
1781 11
1782 11
1783 11
1784 11
1785 11
1786 11
1787 11
1788 11
1789 11
1790 11
1791 11
1792 11
1793 11
1794 11
1795 11
1796 11
1797 11
1798 11
1799 11
1800 11
1801 11
1802 11
1803 11
1804 11
1805 11
1806 11
1807 11
1808 11
1809 11
1810 11
1811 11
1812 11
1813 11
1814 11
1815 11
1816 11
1817 11
1818 11
1819 11
1820 11
1821 11
1822 11
1823 11
1824 11
1825 11
1826 11
1827 11
1828 11
1829 11
1830 11
1831 11
1832 11
1833 11
1834 11
1835 11
1836 11
1837 11
1838 11
1839 11
1840 11
1841 11
1842 11
1843 11
1844 11
1845 11
1846 11
1847 11
1848 11
1849 11
1850 11
1851 11
1852 11
1853 11
1854 11
1855 11
1856 11
1857 11
1858 11
1859 11
1860 11
1861 11
1862 11
1863 11
1864 11
1865 11
1866 11
1867 11
1868 11
1869 11
1870 11
1871 11
1872 11
1873 11
1874 11
1875 11
1876 11
1877 11
1878 11
1879 11
1880 11
1881 11
1882 11
1883 11
1884 11
1885 11
1886 11
1887 11
1888 11
1889 11
1890 11
1891 11
1892 11
1893 11
1894 11
1895 11
1896 11
1897 11
1898 11
1899 11
1900 11
1901 11
1902 11
1903 11
1904 11
1905 11
1906 11
1907 11
1908 11
1909 11
1910 11
1911 11
1912 11
1913 11
1914 11
1915 11
1916 11
1917 11
1918 11
1919 11
1920 11
1921 11
1922 11
1923 11
1924 11
1925 11
1926 11
1927 11
1928 11
1929 11
1930 11
1931 11
1932 11
1933 11
1934 11
1935 11
1936 11
1937 11
1938 11
1939 11
1940 11
1941 11
1942 11
1943 11
1944 11
1945 11
1946 11
1947 11
1948 11
1949 11
1950 11
1951 11
1952 11
1953 11
1954 11
1955 11
1956 11
1957 11
1958 11
1959 11
1960 11
1961 11
1962 11
1963 11
1964 11
1965 11
1966 11
1967 11
1968 11
1969 11
1970 11
1971 11
1972 11
1973 11
1974 11
1975 11
1976 11
1977 11
1978 11
1979 11
1980 11
1981 11
1982 11
1983 11
1984 11
1985 11
1986 11
1987 11
1988 11
1989 11
1990 11
1991 11
1992 11
1993 11
1994 11
1995 11
1996 11
1997 11
1998 11
1999 11
2000 11
2001 11
2002 11
2003 11
2004 11
2005 11
2006 11
2007 11
2008 11
2009 11
2010 11
2011 11
2012 11
2013 11
2014 11
2015 11
2016 11
2017 11
2018 11
2019 11
2020 11
2021 11
2022 11
2023 11
2024 11
2025 11
2026 11
2027 11
2028 11
2029 11
2030 11
2031 11
2032 11
2033 11
2034 11
2035 11
2036 11
2037 11
2038 11
2039 11
2040 11
2041 11
2042 11
2043 11
2044 11
2045 11
2046 11
2047 11
2048 11
2049 12
2050 12
2051 12
2052 12
2053 12
2054 12
2055 12
2056 12
2057 12
2058 12
2059 12
2060 12
2061 12
2062 12
2063 12
2064 12
2065 12
2066 12
2067 12
2068 12
2069 12
2070 12
2071 12
2072 12
2073 12
2074 12
2075 12
2076 12
2077 12
2078 12
2079 12
2080 12
2081 12
2082 12
2083 12
2084 12
2085 12
2086 12
2087 12
2088 12
2089 12
2090 12
2091 12
2092 12
2093 12
2094 12
2095 12
2096 12
2097 12
2098 12
2099 12
2100 12
2101 12
2102 12
2103 12
2104 12
2105 12
2106 12
2107 12
2108 12
2109 12
2110 12
2111 12
2112 12
2113 12
2114 12
2115 12
2116 12
2117 12
2118 12
2119 12
2120 12
2121 12
2122 12
2123 12
2124 12
2125 12
2126 12
2127 12
2128 12
2129 12
2130 12
2131 12
2132 12
2133 12
2134 12
2135 12
2136 12
2137 12
2138 12
2139 12
2140 12
2141 12
2142 12
2143 12
2144 12
2145 12
2146 12
2147 12
2148 12
2149 12
2150 12
2151 12
2152 12
2153 12
2154 12
2155 12
2156 12
2157 12
2158 12
2159 12
2160 12
2161 12
2162 12
2163 12
2164 12
2165 12
2166 12
2167 12
2168 12
2169 12
2170 12
2171 12
2172 12
2173 12
2174 12
2175 12
2176 12
2177 12
2178 12
2179 12
2180 12
2181 12
2182 12
2183 12
2184 12
2185 12
2186 12
2187 12
2188 12
2189 12
2190 12
2191 12
2192 12
2193 12
2194 12
2195 12
2196 12
2197 12
2198 12
2199 12
2200 12
2201 12
2202 12
2203 12
2204 12
2205 12
2206 12
2207 12
2208 12
2209 12
2210 12
2211 12
2212 12
2213 12
2214 12
2215 12
2216 12
2217 12
2218 12
2219 12
2220 12
2221 12
2222 12
2223 12
2224 12
2225 12
2226 12
2227 12
2228 12
2229 12
2230 12
2231 12
2232 12
2233 12
2234 12
2235 12
2236 12
2237 12
2238 12
2239 12
2240 12
2241 12
2242 12
2243 12
2244 12
2245 12
2246 12
2247 12
2248 12
2249 12
2250 12
2251 12
2252 12
2253 12
2254 12
2255 12
2256 12
2257 12
2258 12
2259 12
2260 12
2261 12
2262 12
2263 12
2264 12
2265 12
2266 12
2267 12
2268 12
2269 12
2270 12
2271 12
2272 12
2273 12
2274 12
2275 12
2276 12
2277 12
2278 12
2279 12
2280 12
2281 12
2282 12
2283 12
2284 12
2285 12
2286 12
2287 12
2288 12
2289 12
2290 12
2291 12
2292 12
2293 12
2294 12
2295 12
2296 12
2297 12
2298 12
2299 12
2300 12
2301 12
2302 12
2303 12
2304 12
2305 12
2306 12
2307 12
2308 12
2309 12
2310 12
2311 12
2312 12
2313 12
2314 12
2315 12
2316 12
2317 12
2318 12
2319 12
2320 12
2321 12
2322 12
2323 12
2324 12
2325 12
2326 12
2327 12
2328 12
2329 12
2330 12
2331 12
2332 12
2333 12
2334 12
2335 12
2336 12
2337 12
2338 12
2339 12
2340 12
2341 12
2342 12
2343 12
2344 12
2345 12
2346 12
2347 12
2348 12
2349 12
2350 12
2351 12
2352 12
2353 12
2354 12
2355 12
2356 12
2357 12
2358 12
2359 12
2360 12
2361 12
2362 12
2363 12
2364 12
2365 12
2366 12
2367 12
2368 12
2369 12
2370 12
2371 12
2372 12
2373 12
2374 12
2375 12
2376 12
2377 12
2378 12
2379 12
2380 12
2381 12
2382 12
2383 12
2384 12
2385 12
2386 12
2387 12
2388 12
2389 12
2390 12
2391 12
2392 12
2393 12
2394 12
2395 12
2396 12
2397 12
2398 12
2399 12
2400 12
2401 12
2402 12
2403 12
2404 12
2405 12
2406 12
2407 12
2408 12
2409 12
2410 12
2411 12
2412 12
2413 12
2414 12
2415 12
2416 12
2417 12
2418 12
2419 12
2420 12
2421 12
2422 12
2423 12
2424 12
2425 12
2426 12
2427 12
2428 12
2429 12
2430 12
2431 12
2432 12
2433 12
2434 12
2435 12
2436 12
2437 12
2438 12
2439 12
2440 12
2441 12
2442 12
2443 12
2444 12
2445 12
2446 12
2447 12
2448 12
2449 12
2450 12
2451 12
2452 12
2453 12
2454 12
2455 12
2456 12
2457 12
2458 12
2459 12
2460 12
2461 12
2462 12
2463 12
2464 12
2465 12
2466 12
2467 12
2468 12
2469 12
2470 12
2471 12
2472 12
2473 12
2474 12
2475 12
2476 12
2477 12
2478 12
2479 12
2480 12
2481 12
2482 12
2483 12
2484 12
2485 12
2486 12
2487 12
2488 12
2489 12
2490 12
2491 12
2492 12
2493 12
2494 12
2495 12
2496 12
2497 12
2498 12
2499 12
2500 12
2501 12
2502 12
2503 12
2504 12
2505 12
2506 12
2507 12
2508 12
2509 12
2510 12
2511 12
2512 12
2513 12
2514 12
2515 12
2516 12
2517 12
2518 12
2519 12
2520 12
2521 12
2522 12
2523 12
2524 12
2525 12
2526 12
2527 12
2528 12
2529 12
2530 12
2531 12
2532 12
2533 12
2534 12
2535 12
2536 12
2537 12
2538 12
2539 12
2540 12
2541 12
2542 12
2543 12
2544 12
2545 12
2546 12
2547 12
2548 12
2549 12
2550 12
2551 12
2552 12
2553 12
2554 12
2555 12
2556 12
2557 12
2558 12
2559 12
2560 12
2561 12
2562 12
2563 12
2564 12
2565 12
2566 12
2567 12
2568 12
2569 12
2570 12
2571 12
2572 12
2573 12
2574 12
2575 12
2576 12
2577 12
2578 12
2579 12
2580 12
2581 12
2582 12
2583 12
2584 12
2585 12
2586 12
2587 12
2588 12
2589 12
2590 12
2591 12
2592 12
2593 12
2594 12
2595 12
2596 12
2597 12
2598 12
2599 12
2600 12
2601 12
2602 12
2603 12
2604 12
2605 12
2606 12
2607 12
2608 12
2609 12
2610 12
2611 12
2612 12
2613 12
2614 12
2615 12
2616 12
2617 12
2618 12
2619 12
2620 12
2621 12
2622 12
2623 12
2624 12
2625 12
2626 12
2627 12
2628 12
2629 12
2630 12
2631 12
2632 12
2633 12
2634 12
2635 12
2636 12
2637 12
2638 12
2639 12
2640 12
2641 12
2642 12
2643 12
2644 12
2645 12
2646 12
2647 12
2648 12
2649 12
2650 12
2651 12
2652 12
2653 12
2654 12
2655 12
2656 12
2657 12
2658 12
2659 12
2660 12
2661 12
2662 12
2663 12
2664 12
2665 12
2666 12
2667 12
2668 12
2669 12
2670 12
2671 12
2672 12
2673 12
2674 12
2675 12
2676 12
2677 12
2678 12
2679 12
2680 12
2681 12
2682 12
2683 12
2684 12
2685 12
2686 12
2687 12
2688 12
2689 12
2690 12
2691 12
2692 12
2693 12
2694 12
2695 12
2696 12
2697 12
2698 12
2699 12
2700 12
2701 12
2702 12
2703 12
2704 12
2705 12
2706 12
2707 12
2708 12
2709 12
2710 12
2711 12
2712 12
2713 12
2714 12
2715 12
2716 12
2717 12
2718 12
2719 12
2720 12
2721 12
2722 12
2723 12
2724 12
2725 12
2726 12
2727 12
2728 12
2729 12
2730 12
2731 12
2732 12
2733 12
2734 12
2735 12
2736 12
2737 12
2738 12
2739 12
2740 12
2741 12
2742 12
2743 12
2744 12
2745 12
2746 12
2747 12
2748 12
2749 12
2750 12
2751 12
2752 12
2753 12
2754 12
2755 12
2756 12
2757 12
2758 12
2759 12
2760 12
2761 12
2762 12
2763 12
2764 12
2765 12
2766 12
2767 12
2768 12
2769 12
2770 12
2771 12
2772 12
2773 12
2774 12
2775 12
2776 12
2777 12
2778 12
2779 12
2780 12
2781 12
2782 12
2783 12
2784 12
2785 12
2786 12
2787 12
2788 12
2789 12
2790 12
2791 12
2792 12
2793 12
2794 12
2795 12
2796 12
2797 12
2798 12
2799 12
2800 12
2801 12
2802 12
2803 12
2804 12
2805 12
2806 12
2807 12
2808 12
2809 12
2810 12
2811 12
2812 12
2813 12
2814 12
2815 12
2816 12
2817 12
2818 12
2819 12
2820 12
2821 12
2822 12
2823 12
2824 12
2825 12
2826 12
2827 12
2828 12
2829 12
2830 12
2831 12
2832 12
2833 12
2834 12
2835 12
2836 12
2837 12
2838 12
2839 12
2840 12
2841 12
2842 12
2843 12
2844 12
2845 12
2846 12
2847 12
2848 12
2849 12
2850 12
2851 12
2852 12
2853 12
2854 12
2855 12
2856 12
2857 12
2858 12
2859 12
2860 12
2861 12
2862 12
2863 12
2864 12
2865 12
2866 12
2867 12
2868 12
2869 12
2870 12
2871 12
2872 12
2873 12
2874 12
2875 12
2876 12
2877 12
2878 12
2879 12
2880 12
2881 12
2882 12
2883 12
2884 12
2885 12
2886 12
2887 12
2888 12
2889 12
2890 12
2891 12
2892 12
2893 12
2894 12
2895 12
2896 12
2897 12
2898 12
2899 12
2900 12
2901 12
2902 12
2903 12
2904 12
2905 12
2906 12
2907 12
2908 12
2909 12
2910 12
2911 12
2912 12
2913 12
2914 12
2915 12
2916 12
2917 12
2918 12
2919 12
2920 12
2921 12
2922 12
2923 12
2924 12
2925 12
2926 12
2927 12
2928 12
2929 12
2930 12
2931 12
2932 12
2933 12
2934 12
2935 12
2936 12
2937 12
2938 12
2939 12
2940 12
2941 12
2942 12
2943 12
2944 12
2945 12
2946 12
2947 12
2948 12
2949 12
2950 12
2951 12
2952 12
2953 12
2954 12
2955 12
2956 12
2957 12
2958 12
2959 12
2960 12
2961 12
2962 12
2963 12
2964 12
2965 12
2966 12
2967 12
2968 12
2969 12
2970 12
2971 12
2972 12
2973 12
2974 12
2975 12
2976 12
2977 12
2978 12
2979 12
2980 12
2981 12
2982 12
2983 12
2984 12
2985 12
2986 12
2987 12
2988 12
2989 12
2990 12
2991 12
2992 12
2993 12
2994 12
2995 12
2996 12
2997 12
2998 12
2999 12
3000 12
3001 12
3002 12
3003 12
3004 12
3005 12
3006 12
3007 12
3008 12
3009 12
3010 12
3011 12
3012 12
3013 12
3014 12
3015 12
3016 12
3017 12
3018 12
3019 12
3020 12
3021 12
3022 12
3023 12
3024 12
3025 12
3026 12
3027 12
3028 12
3029 12
3030 12
3031 12
3032 12
3033 12
3034 12
3035 12
3036 12
3037 12
3038 12
3039 12
3040 12
3041 12
3042 12
3043 12
3044 12
3045 12
3046 12
3047 12
3048 12
3049 12
3050 12
3051 12
3052 12
3053 12
3054 12
3055 12
3056 12
3057 12
3058 12
3059 12
3060 12
3061 12
3062 12
3063 12
3064 12
3065 12
3066 12
3067 12
3068 12
3069 12
3070 12
3071 12
3072 12
3073 12
3074 12
3075 12
3076 12
3077 12
3078 12
3079 12
3080 12
3081 12
3082 12
3083 12
3084 12
3085 12
3086 12
3087 12
3088 12
3089 12
3090 12
3091 12
3092 12
3093 12
3094 12
3095 12
3096 12
3097 12
3098 12
3099 12
3100 12
3101 12
3102 12
3103 12
3104 12
3105 12
3106 12
3107 12
3108 12
3109 12
3110 12
3111 12
3112 12
3113 12
3114 12
3115 12
3116 12
3117 12
3118 12
3119 12
3120 12
3121 12
3122 12
3123 12
3124 12
3125 12
3126 12
3127 12
3128 12
3129 12
3130 12
3131 12
3132 12
3133 12
3134 12
3135 12
3136 12
3137 12
3138 12
3139 12
3140 12
3141 12
3142 12
3143 12
3144 12
3145 12
3146 12
3147 12
3148 12
3149 12
3150 12
3151 12
3152 12
3153 12
3154 12
3155 12
3156 12
3157 12
3158 12
3159 12
3160 12
3161 12
3162 12
3163 12
3164 12
3165 12
3166 12
3167 12
3168 12
3169 12
3170 12
3171 12
3172 12
3173 12
3174 12
3175 12
3176 12
3177 12
3178 12
3179 12
3180 12
3181 12
3182 12
3183 12
3184 12
3185 12
3186 12
3187 12
3188 12
3189 12
3190 12
3191 12
3192 12
3193 12
3194 12
3195 12
3196 12
3197 12
3198 12
3199 12
3200 12
3201 12
3202 12
3203 12
3204 12
3205 12
3206 12
3207 12
3208 12
3209 12
3210 12
3211 12
3212 12
3213 12
3214 12
3215 12
3216 12
3217 12
3218 12
3219 12
3220 12
3221 12
3222 12
3223 12
3224 12
3225 12
3226 12
3227 12
3228 12
3229 12
3230 12
3231 12
3232 12
3233 12
3234 12
3235 12
3236 12
3237 12
3238 12
3239 12
3240 12
3241 12
3242 12
3243 12
3244 12
3245 12
3246 12
3247 12
3248 12
3249 12
3250 12
3251 12
3252 12
3253 12
3254 12
3255 12
3256 12
3257 12
3258 12
3259 12
3260 12
3261 12
3262 12
3263 12
3264 12
3265 12
3266 12
3267 12
3268 12
3269 12
3270 12
3271 12
3272 12
3273 12
3274 12
3275 12
3276 12
3277 12
3278 12
3279 12
3280 12
3281 12
3282 12
3283 12
3284 12
3285 12
3286 12
3287 12
3288 12
3289 12
3290 12
3291 12
3292 12
3293 12
3294 12
3295 12
3296 12
3297 12
3298 12
3299 12
3300 12
3301 12
3302 12
3303 12
3304 12
3305 12
3306 12
3307 12
3308 12
3309 12
3310 12
3311 12
3312 12
3313 12
3314 12
3315 12
3316 12
3317 12
3318 12
3319 12
3320 12
3321 12
3322 12
3323 12
3324 12
3325 12
3326 12
3327 12
3328 12
3329 12
3330 12
3331 12
3332 12
3333 12
3334 12
3335 12
3336 12
3337 12
3338 12
3339 12
3340 12
3341 12
3342 12
3343 12
3344 12
3345 12
3346 12
3347 12
3348 12
3349 12
3350 12
3351 12
3352 12
3353 12
3354 12
3355 12
3356 12
3357 12
3358 12
3359 12
3360 12
3361 12
3362 12
3363 12
3364 12
3365 12
3366 12
3367 12
3368 12
3369 12
3370 12
3371 12
3372 12
3373 12
3374 12
3375 12
3376 12
3377 12
3378 12
3379 12
3380 12
3381 12
3382 12
3383 12
3384 12
3385 12
3386 12
3387 12
3388 12
3389 12
3390 12
3391 12
3392 12
3393 12
3394 12
3395 12
3396 12
3397 12
3398 12
3399 12
3400 12
3401 12
3402 12
3403 12
3404 12
3405 12
3406 12
3407 12
3408 12
3409 12
3410 12
3411 12
3412 12
3413 12
3414 12
3415 12
3416 12
3417 12
3418 12
3419 12
3420 12
3421 12
3422 12
3423 12
3424 12
3425 12
3426 12
3427 12
3428 12
3429 12
3430 12
3431 12
3432 12
3433 12
3434 12
3435 12
3436 12
3437 12
3438 12
3439 12
3440 12
3441 12
3442 12
3443 12
3444 12
3445 12
3446 12
3447 12
3448 12
3449 12
3450 12
3451 12
3452 12
3453 12
3454 12
3455 12
3456 12
3457 12
3458 12
3459 12
3460 12
3461 12
3462 12
3463 12
3464 12
3465 12
3466 12
3467 12
3468 12
3469 12
3470 12
3471 12
3472 12
3473 12
3474 12
3475 12
3476 12
3477 12
3478 12
3479 12
3480 12
3481 12
3482 12
3483 12
3484 12
3485 12
3486 12
3487 12
3488 12
3489 12
3490 12
3491 12
3492 12
3493 12
3494 12
3495 12
3496 12
3497 12
3498 12
3499 12
3500 12
3501 12
3502 12
3503 12
3504 12
3505 12
3506 12
3507 12
3508 12
3509 12
3510 12
3511 12
3512 12
3513 12
3514 12
3515 12
3516 12
3517 12
3518 12
3519 12
3520 12
3521 12
3522 12
3523 12
3524 12
3525 12
3526 12
3527 12
3528 12
3529 12
3530 12
3531 12
3532 12
3533 12
3534 12
3535 12
3536 12
3537 12
3538 12
3539 12
3540 12
3541 12
3542 12
3543 12
3544 12
3545 12
3546 12
3547 12
3548 12
3549 12
3550 12
3551 12
3552 12
3553 12
3554 12
3555 12
3556 12
3557 12
3558 12
3559 12
3560 12
3561 12
3562 12
3563 12
3564 12
3565 12
3566 12
3567 12
3568 12
3569 12
3570 12
3571 12
3572 12
3573 12
3574 12
3575 12
3576 12
3577 12
3578 12
3579 12
3580 12
3581 12
3582 12
3583 12
3584 12
3585 12
3586 12
3587 12
3588 12
3589 12
3590 12
3591 12
3592 12
3593 12
3594 12
3595 12
3596 12
3597 12
3598 12
3599 12
3600 12
3601 12
3602 12
3603 12
3604 12
3605 12
3606 12
3607 12
3608 12
3609 12
3610 12
3611 12
3612 12
3613 12
3614 12
3615 12
3616 12
3617 12
3618 12
3619 12
3620 12
3621 12
3622 12
3623 12
3624 12
3625 12
3626 12
3627 12
3628 12
3629 12
3630 12
3631 12
3632 12
3633 12
3634 12
3635 12
3636 12
3637 12
3638 12
3639 12
3640 12
3641 12
3642 12
3643 12
3644 12
3645 12
3646 12
3647 12
3648 12
3649 12
3650 12
3651 12
3652 12
3653 12
3654 12
3655 12
3656 12
3657 12
3658 12
3659 12
3660 12
3661 12
3662 12
3663 12
3664 12
3665 12
3666 12
3667 12
3668 12
3669 12
3670 12
3671 12
3672 12
3673 12
3674 12
3675 12
3676 12
3677 12
3678 12
3679 12
3680 12
3681 12
3682 12
3683 12
3684 12
3685 12
3686 12
3687 12
3688 12
3689 12
3690 12
3691 12
3692 12
3693 12
3694 12
3695 12
3696 12
3697 12
3698 12
3699 12
3700 12
3701 12
3702 12
3703 12
3704 12
3705 12
3706 12
3707 12
3708 12
3709 12
3710 12
3711 12
3712 12
3713 12
3714 12
3715 12
3716 12
3717 12
3718 12
3719 12
3720 12
3721 12
3722 12
3723 12
3724 12
3725 12
3726 12
3727 12
3728 12
3729 12
3730 12
3731 12
3732 12
3733 12
3734 12
3735 12
3736 12
3737 12
3738 12
3739 12
3740 12
3741 12
3742 12
3743 12
3744 12
3745 12
3746 12
3747 12
3748 12
3749 12
3750 12
3751 12
3752 12
3753 12
3754 12
3755 12
3756 12
3757 12
3758 12
3759 12
3760 12
3761 12
3762 12
3763 12
3764 12
3765 12
3766 12
3767 12
3768 12
3769 12
3770 12
3771 12
3772 12
3773 12
3774 12
3775 12
3776 12
3777 12
3778 12
3779 12
3780 12
3781 12
3782 12
3783 12
3784 12
3785 12
3786 12
3787 12
3788 12
3789 12
3790 12
3791 12
3792 12
3793 12
3794 12
3795 12
3796 12
3797 12
3798 12
3799 12
3800 12
3801 12
3802 12
3803 12
3804 12
3805 12
3806 12
3807 12
3808 12
3809 12
3810 12
3811 12
3812 12
3813 12
3814 12
3815 12
3816 12
3817 12
3818 12
3819 12
3820 12
3821 12
3822 12
3823 12
3824 12
3825 12
3826 12
3827 12
3828 12
3829 12
3830 12
3831 12
3832 12
3833 12
3834 12
3835 12
3836 12
3837 12
3838 12
3839 12
3840 12
3841 12
3842 12
3843 12
3844 12
3845 12
3846 12
3847 12
3848 12
3849 12
3850 12
3851 12
3852 12
3853 12
3854 12
3855 12
3856 12
3857 12
3858 12
3859 12
3860 12
3861 12
3862 12
3863 12
3864 12
3865 12
3866 12
3867 12
3868 12
3869 12
3870 12
3871 12
3872 12
3873 12
3874 12
3875 12
3876 12
3877 12
3878 12
3879 12
3880 12
3881 12
3882 12
3883 12
3884 12
3885 12
3886 12
3887 12
3888 12
3889 12
3890 12
3891 12
3892 12
3893 12
3894 12
3895 12
3896 12
3897 12
3898 12
3899 12
3900 12
3901 12
3902 12
3903 12
3904 12
3905 12
3906 12
3907 12
3908 12
3909 12
3910 12
3911 12
3912 12
3913 12
3914 12
3915 12
3916 12
3917 12
3918 12
3919 12
3920 12
3921 12
3922 12
3923 12
3924 12
3925 12
3926 12
3927 12
3928 12
3929 12
3930 12
3931 12
3932 12
3933 12
3934 12
3935 12
3936 12
3937 12
3938 12
3939 12
3940 12
3941 12
3942 12
3943 12
3944 12
3945 12
3946 12
3947 12
3948 12
3949 12
3950 12
3951 12
3952 12
3953 12
3954 12
3955 12
3956 12
3957 12
3958 12
3959 12
3960 12
3961 12
3962 12
3963 12
3964 12
3965 12
3966 12
3967 12
3968 12
3969 12
3970 12
3971 12
3972 12
3973 12
3974 12
3975 12
3976 12
3977 12
3978 12
3979 12
3980 12
3981 12
3982 12
3983 12
3984 12
3985 12
3986 12
3987 12
3988 12
3989 12
3990 12
3991 12
3992 12
3993 12
3994 12
3995 12
3996 12
3997 12
3998 12
3999 12
4000 12
4001 12
4002 12
4003 12
4004 12
4005 12
4006 12
4007 12
4008 12
4009 12
4010 12
4011 12
4012 12
4013 12
4014 12
4015 12
4016 12
4017 12
4018 12
4019 12
4020 12
4021 12
4022 12
4023 12
4024 12
4025 12
4026 12
4027 12
4028 12
4029 12
4030 12
4031 12
4032 12
4033 12
4034 12
4035 12
4036 12
4037 12
4038 12
4039 12
4040 12
4041 12
4042 12
4043 12
4044 12
4045 12
4046 12
4047 12
4048 12
4049 12
4050 12
4051 12
4052 12
4053 12
4054 12
4055 12
4056 12
4057 12
4058 12
4059 12
4060 12
4061 12
4062 12
4063 12
4064 12
4065 12
4066 12
4067 12
4068 12
4069 12
4070 12
4071 12
4072 12
4073 12
4074 12
4075 12
4076 12
4077 12
4078 12
4079 12
4080 12
4081 12
4082 12
4083 12
4084 12
4085 12
4086 12
4087 12
4088 12
4089 12
4090 12
4091 12
4092 12
4093 12
4094 12
4095 12
4096 12
4097 13
4098 13
4099 13
4100 13
4101 13
4102 13
4103 13
4104 13
4105 13
4106 13
4107 13
4108 13
4109 13
4110 13
4111 13
4112 13
4113 13
4114 13
4115 13
4116 13
4117 13
4118 13
4119 13
4120 13
4121 13
4122 13
4123 13
4124 13
4125 13
4126 13
4127 13
4128 13
4129 13
4130 13
4131 13
4132 13
4133 13
4134 13
4135 13
4136 13
4137 13
4138 13
4139 13
4140 13
4141 13
4142 13
4143 13
4144 13
4145 13
4146 13
4147 13
4148 13
4149 13
4150 13
4151 13
4152 13
4153 13
4154 13
4155 13
4156 13
4157 13
4158 13
4159 13
4160 13
4161 13
4162 13
4163 13
4164 13
4165 13
4166 13
4167 13
4168 13
4169 13
4170 13
4171 13
4172 13
4173 13
4174 13
4175 13
4176 13
4177 13
4178 13
4179 13
4180 13
4181 13
4182 13
4183 13
4184 13
4185 13
4186 13
4187 13
4188 13
4189 13
4190 13
4191 13
4192 13
4193 13
4194 13
4195 13
4196 13
4197 13
4198 13
4199 13
4200 13
4201 13
4202 13
4203 13
4204 13
4205 13
4206 13
4207 13
4208 13
4209 13
4210 13
4211 13
4212 13
4213 13
4214 13
4215 13
4216 13
4217 13
4218 13
4219 13
4220 13
4221 13
4222 13
4223 13
4224 13
4225 13
4226 13
4227 13
4228 13
4229 13
4230 13
4231 13
4232 13
4233 13
4234 13
4235 13
4236 13
4237 13
4238 13
4239 13
4240 13
4241 13
4242 13
4243 13
4244 13
4245 13
4246 13
4247 13
4248 13
4249 13
4250 13
4251 13
4252 13
4253 13
4254 13
4255 13
4256 13
4257 13
4258 13
4259 13
4260 13
4261 13
4262 13
4263 13
4264 13
4265 13
4266 13
4267 13
4268 13
4269 13
4270 13
4271 13
4272 13
4273 13
4274 13
4275 13
4276 13
4277 13
4278 13
4279 13
4280 13
4281 13
4282 13
4283 13
4284 13
4285 13
4286 13
4287 13
4288 13
4289 13
4290 13
4291 13
4292 13
4293 13
4294 13
4295 13
4296 13
4297 13
4298 13
4299 13
4300 13
4301 13
4302 13
4303 13
4304 13
4305 13
4306 13
4307 13
4308 13
4309 13
4310 13
4311 13
4312 13
4313 13
4314 13
4315 13
4316 13
4317 13
4318 13
4319 13
4320 13
4321 13
4322 13
4323 13
4324 13
4325 13
4326 13
4327 13
4328 13
4329 13
4330 13
4331 13
4332 13
4333 13
4334 13
4335 13
4336 13
4337 13
4338 13
4339 13
4340 13
4341 13
4342 13
4343 13
4344 13
4345 13
4346 13
4347 13
4348 13
4349 13
4350 13
4351 13
4352 13
4353 13
4354 13
4355 13
4356 13
4357 13
4358 13
4359 13
4360 13
4361 13
4362 13
4363 13
4364 13
4365 13
4366 13
4367 13
4368 13
4369 13
4370 13
4371 13
4372 13
4373 13
4374 13
4375 13
4376 13
4377 13
4378 13
4379 13
4380 13
4381 13
4382 13
4383 13
4384 13
4385 13
4386 13
4387 13
4388 13
4389 13
4390 13
4391 13
4392 13
4393 13
4394 13
4395 13
4396 13
4397 13
4398 13
4399 13
4400 13
4401 13
4402 13
4403 13
4404 13
4405 13
4406 13
4407 13
4408 13
4409 13
4410 13
4411 13
4412 13
4413 13
4414 13
4415 13
4416 13
4417 13
4418 13
4419 13
4420 13
4421 13
4422 13
4423 13
4424 13
4425 13
4426 13
4427 13
4428 13
4429 13
4430 13
4431 13
4432 13
4433 13
4434 13
4435 13
4436 13
4437 13
4438 13
4439 13
4440 13
4441 13
4442 13
4443 13
4444 13
4445 13
4446 13
4447 13
4448 13
4449 13
4450 13
4451 13
4452 13
4453 13
4454 13
4455 13
4456 13
4457 13
4458 13
4459 13
4460 13
4461 13
4462 13
4463 13
4464 13
4465 13
4466 13
4467 13
4468 13
4469 13
4470 13
4471 13
4472 13
4473 13
4474 13
4475 13
4476 13
4477 13
4478 13
4479 13
4480 13
4481 13
4482 13
4483 13
4484 13
4485 13
4486 13
4487 13
4488 13
4489 13
4490 13
4491 13
4492 13
4493 13
4494 13
4495 13
4496 13
4497 13
4498 13
4499 13
4500 13
4501 13
4502 13
4503 13
4504 13
4505 13
4506 13
4507 13
4508 13
4509 13
4510 13
4511 13
4512 13
4513 13
4514 13
4515 13
4516 13
4517 13
4518 13
4519 13
4520 13
4521 13
4522 13
4523 13
4524 13
4525 13
4526 13
4527 13
4528 13
4529 13
4530 13
4531 13
4532 13
4533 13
4534 13
4535 13
4536 13
4537 13
4538 13
4539 13
4540 13
4541 13
4542 13
4543 13
4544 13
4545 13
4546 13
4547 13
4548 13
4549 13
4550 13
4551 13
4552 13
4553 13
4554 13
4555 13
4556 13
4557 13
4558 13
4559 13
4560 13
4561 13
4562 13
4563 13
4564 13
4565 13
4566 13
4567 13
4568 13
4569 13
4570 13
4571 13
4572 13
4573 13
4574 13
4575 13
4576 13
4577 13
4578 13
4579 13
4580 13
4581 13
4582 13
4583 13
4584 13
4585 13
4586 13
4587 13
4588 13
4589 13
4590 13
4591 13
4592 13
4593 13
4594 13
4595 13
4596 13
4597 13
4598 13
4599 13
4600 13
4601 13
4602 13
4603 13
4604 13
4605 13
4606 13
4607 13
4608 13
4609 13
4610 13
4611 13
4612 13
4613 13
4614 13
4615 13
4616 13
4617 13
4618 13
4619 13
4620 13
4621 13
4622 13
4623 13
4624 13
4625 13
4626 13
4627 13
4628 13
4629 13
4630 13
4631 13
4632 13
4633 13
4634 13
4635 13
4636 13
4637 13
4638 13
4639 13
4640 13
4641 13
4642 13
4643 13
4644 13
4645 13
4646 13
4647 13
4648 13
4649 13
4650 13
4651 13
4652 13
4653 13
4654 13
4655 13
4656 13
4657 13
4658 13
4659 13
4660 13
4661 13
4662 13
4663 13
4664 13
4665 13
4666 13
4667 13
4668 13
4669 13
4670 13
4671 13
4672 13
4673 13
4674 13
4675 13
4676 13
4677 13
4678 13
4679 13
4680 13
4681 13
4682 13
4683 13
4684 13
4685 13
4686 13
4687 13
4688 13
4689 13
4690 13
4691 13
4692 13
4693 13
4694 13
4695 13
4696 13
4697 13
4698 13
4699 13
4700 13
4701 13
4702 13
4703 13
4704 13
4705 13
4706 13
4707 13
4708 13
4709 13
4710 13
4711 13
4712 13
4713 13
4714 13
4715 13
4716 13
4717 13
4718 13
4719 13
4720 13
4721 13
4722 13
4723 13
4724 13
4725 13
4726 13
4727 13
4728 13
4729 13
4730 13
4731 13
4732 13
4733 13
4734 13
4735 13
4736 13
4737 13
4738 13
4739 13
4740 13
4741 13
4742 13
4743 13
4744 13
4745 13
4746 13
4747 13
4748 13
4749 13
4750 13
4751 13
4752 13
4753 13
4754 13
4755 13
4756 13
4757 13
4758 13
4759 13
4760 13
4761 13
4762 13
4763 13
4764 13
4765 13
4766 13
4767 13
4768 13
4769 13
4770 13
4771 13
4772 13
4773 13
4774 13
4775 13
4776 13
4777 13
4778 13
4779 13
4780 13
4781 13
4782 13
4783 13
4784 13
4785 13
4786 13
4787 13
4788 13
4789 13
4790 13
4791 13
4792 13
4793 13
4794 13
4795 13
4796 13
4797 13
4798 13
4799 13
4800 13
4801 13
4802 13
4803 13
4804 13
4805 13
4806 13
4807 13
4808 13
4809 13
4810 13
4811 13
4812 13
4813 13
4814 13
4815 13
4816 13
4817 13
4818 13
4819 13
4820 13
4821 13
4822 13
4823 13
4824 13
4825 13
4826 13
4827 13
4828 13
4829 13
4830 13
4831 13
4832 13
4833 13
4834 13
4835 13
4836 13
4837 13
4838 13
4839 13
4840 13
4841 13
4842 13
4843 13
4844 13
4845 13
4846 13
4847 13
4848 13
4849 13
4850 13
4851 13
4852 13
4853 13
4854 13
4855 13
4856 13
4857 13
4858 13
4859 13
4860 13
4861 13
4862 13
4863 13
4864 13
4865 13
4866 13
4867 13
4868 13
4869 13
4870 13
4871 13
4872 13
4873 13
4874 13
4875 13
4876 13
4877 13
4878 13
4879 13
4880 13
4881 13
4882 13
4883 13
4884 13
4885 13
4886 13
4887 13
4888 13
4889 13
4890 13
4891 13
4892 13
4893 13
4894 13
4895 13
4896 13
4897 13
4898 13
4899 13
4900 13
4901 13
4902 13
4903 13
4904 13
4905 13
4906 13
4907 13
4908 13
4909 13
4910 13
4911 13
4912 13
4913 13
4914 13
4915 13
4916 13
4917 13
4918 13
4919 13
4920 13
4921 13
4922 13
4923 13
4924 13
4925 13
4926 13
4927 13
4928 13
4929 13
4930 13
4931 13
4932 13
4933 13
4934 13
4935 13
4936 13
4937 13
4938 13
4939 13
4940 13
4941 13
4942 13
4943 13
4944 13
4945 13
4946 13
4947 13
4948 13
4949 13
4950 13
4951 13
4952 13
4953 13
4954 13
4955 13
4956 13
4957 13
4958 13
4959 13
4960 13
4961 13
4962 13
4963 13
4964 13
4965 13
4966 13
4967 13
4968 13
4969 13
4970 13
4971 13
4972 13
4973 13
4974 13
4975 13
4976 13
4977 13
4978 13
4979 13
4980 13
4981 13
4982 13
4983 13
4984 13
4985 13
4986 13
4987 13
4988 13
4989 13
4990 13
4991 13
4992 13
4993 13
4994 13
4995 13
4996 13
4997 13
4998 13
4999 13
