0 0
1 6
2 12
3 18
4 24
5 30
6 36
7 42
8 48
9 54
10 60
11 66
12 72
13 78
14 84
15 90
16 96
17 102
18 108
19 114
20 120
21 126
22 132
23 138
24 144
25 150
26 156
27 162
28 168
29 174
30 180
31 186
32 192
33 198
34 204
35 210
36 216
37 222
38 228
39 234
40 240
41 246
42 252
43 258
44 264
45 270
46 276
47 282
48 288
49 294
50 300
51 306
52 312
53 318
54 324
55 330
56 336
57 342
58 348
59 354
60 360
61 366
62 372
63 378
64 384
65 390
66 396
67 402
68 408
69 414
70 420
71 426
72 432
73 438
74 444
75 450
76 456
77 462
78 468
79 474
80 480
81 486
82 492
83 498
84 504
85 510
86 516
87 522
88 528
89 534
90 540
91 546
92 552
93 558
94 564
95 570
96 576
97 582
98 588
99 594
100 600
101 606
102 612
103 618
104 624
105 630
106 636
107 642
108 648
109 654
110 660
111 666
112 672
113 678
114 684
115 690
116 696
117 702
118 708
119 714
120 720
121 726
122 732
123 738
124 744
125 750
126 756
127 762
128 768
129 774
130 780
131 786
132 792
133 798
134 804
135 810
136 816
137 822
138 828
139 834
140 840
141 846
142 852
143 858
144 864
145 870
146 876
147 882
148 888
149 894
150 900
151 906
152 912
153 918
154 924
155 930
156 936
157 942
158 948
159 954
160 960
161 966
162 972
163 978
164 984
165 990
166 996
167 1002
168 1008
169 1014
170 1020
171 1026
172 1032
173 1038
174 1044
175 1050
176 1056
177 1062
178 1068
179 1074
180 1080
181 1086
182 1092
183 1098
184 1104
185 1110
186 1116
187 1122
188 1128
189 1134
190 1140
191 1146
192 1152
193 1158
194 1164
195 1170
196 1176
197 1182
198 1188
199 1194
200 1200
201 1206
202 1212
203 1218
204 1224
205 1230
206 1236
207 1242
208 1248
209 1254
210 1260
211 1266
212 1272
213 1278
214 1284
215 1290
216 1296
217 1302
218 1308
219 1314
220 1320
221 1326
222 1332
223 1338
224 1344
225 1350
226 1356
227 1362
228 1368
229 1374
230 1380
231 1386
232 1392
233 1398
234 1404
235 1410
236 1416
237 1422
238 1428
239 1434
240 1440
241 1446
242 1452
243 1458
244 1464
245 1470
246 1476
247 1482
248 1488
249 1494
250 1500
251 1506
252 1512
253 1518
254 1524
255 1530
256 1536
257 1542
258 1548
259 1554
260 1560
261 1566
262 1572
263 1578
264 1584
265 1590
266 1596
267 1602
268 1608
269 1614
270 1620
271 1626
272 1632
273 1638
274 1644
275 1650
276 1656
277 1662
278 1668
279 1674
280 1680
281 1686
282 1692
283 1698
284 1704
285 1710
286 1716
287 1722
288 1728
289 1734
290 1740
291 1746
292 1752
293 1758
294 1764
295 1770
296 1776
297 1782
298 1788
299 1794
300 1800
301 1806
302 1812
303 1818
304 1824
305 1830
306 1836
307 1842
308 1848
309 1854
310 1860
311 1866
312 1872
313 1878
314 1884
315 1890
316 1896
317 1902
318 1908
319 1914
320 1920
321 1926
322 1932
323 1938
324 1944
325 1950
326 1956
327 1962
328 1968
329 1974
330 1980
331 1986
332 1992
333 1998
334 2004
335 2010
336 2016
337 2022
338 2028
339 2034
340 2040
341 2046
342 2052
343 2058
344 2064
345 2070
346 2076
347 2082
348 2088
349 2094
350 2100
351 2106
352 2112
353 2118
354 2124
355 2130
356 2136
357 2142
358 2148
359 2154
360 2160
361 2166
362 2172
363 2178
364 2184
365 2190
366 2196
367 2202
368 2208
369 2214
370 2220
371 2226
372 2232
373 2238
374 2244
375 2250
376 2256
377 2262
378 2268
379 2274
380 2280
381 2286
382 2292
383 2298
384 2304
385 2310
386 2316
387 2322
388 2328
389 2334
390 2340
391 2346
392 2352
393 2358
394 2364
395 2370
396 2376
397 2382
398 2388
399 2394
400 2400
401 2406
402 2412
403 2418
404 2424
405 2430
406 2436
407 2442
408 2448
409 2454
410 2460
411 2466
412 2472
413 2478
414 2484
415 2490
416 2496
417 2502
418 2508
419 2514
420 2520
421 2526
422 2532
423 2538
424 2544
425 2550
426 2556
427 2562
428 2568
429 2574
430 2580
431 2586
432 2592
433 2598
434 2604
435 2610
436 2616
437 2622
438 2628
439 2634
440 2640
441 2646
442 2652
443 2658
444 2664
445 2670
446 2676
447 2682
448 2688
449 2694
450 2700
451 2706
452 2712
453 2718
454 2724
455 2730
456 2736
457 2742
458 2748
459 2754
460 2760
461 2766
462 2772
463 2778
464 2784
465 2790
466 2796
467 2802
468 2808
469 2814
470 2820
471 2826
472 2832
473 2838
474 2844
475 2850
476 2856
477 2862
478 2868
479 2874
480 2880
481 2886
482 2892
483 2898
484 2904
485 2910
486 2916
487 2922
488 2928
489 2934
490 2940
491 2946
492 2952
493 2958
494 2964
495 2970
496 2976
497 2982
498 2988
499 2994
500 3000
501 3006
502 3012
503 3018
504 3024
505 3030
506 3036
507 3042
508 3048
509 3054
510 3060
511 3066
512 3072
513 3078
514 3084
515 3090
516 3096
517 3102
518 3108
519 3114
520 3120
521 3126
522 3132
523 3138
524 3144
525 3150
526 3156
527 3162
528 3168
529 3174
530 3180
531 3186
532 3192
533 3198
534 3204
535 3210
536 3216
537 3222
538 3228
539 3234
540 3240
541 3246
542 3252
543 3258
544 3264
545 3270
546 3276
547 3282
548 3288
549 3294
550 3300
551 3306
552 3312
553 3318
554 3324
555 3330
556 3336
557 3342
558 3348
559 3354
560 3360
561 3366
562 3372
563 3378
564 3384
565 3390
566 3396
567 3402
568 3408
569 3414
570 3420
571 3426
572 3432
573 3438
574 3444
575 3450
576 3456
577 3462
578 3468
579 3474
580 3480
581 3486
582 3492
583 3498
584 3504
585 3510
586 3516
587 3522
588 3528
589 3534
590 3540
591 3546
592 3552
593 3558
594 3564
595 3570
596 3576
597 3582
598 3588
599 3594
600 3600
601 3606
602 3612
603 3618
604 3624
605 3630
606 3636
607 3642
608 3648
609 3654
610 3660
611 3666
612 3672
613 3678
614 3684
615 3690
616 3696
617 3702
618 3708
619 3714
620 3720
621 3726
622 3732
623 3738
624 3744
625 3750
626 3756
627 3762
628 3768
629 3774
630 3780
631 3786
632 3792
633 3798
634 3804
635 3810
636 3816
637 3822
638 3828
639 3834
640 3840
641 3846
642 3852
643 3858
644 3864
645 3870
646 3876
647 3882
648 3888
649 3894
650 3900
651 3906
652 3912
653 3918
654 3924
655 3930
656 3936
657 3942
658 3948
659 3954
660 3960
661 3966
662 3972
663 3978
664 3984
665 3990
666 3996
667 4002
668 4008
669 4014
670 4020
671 4026
672 4032
673 4038
674 4044
675 4050
676 4056
677 4062
678 4068
679 4074
680 4080
681 4086
682 4092
683 4098
684 4104
685 4110
686 4116
687 4122
688 4128
689 4134
690 4140
691 4146
692 4152
693 4158
694 4164
695 4170
696 4176
697 4182
698 4188
699 4194
700 4200
701 4206
702 4212
703 4218
704 4224
705 4230
706 4236
707 4242
708 4248
709 4254
710 4260
711 4266
712 4272
713 4278
714 4284
715 4290
716 4296
717 4302
718 4308
719 4314
720 4320
721 4326
722 4332
723 4338
724 4344
725 4350
726 4356
727 4362
728 4368
729 4374
730 4380
731 4386
732 4392
733 4398
734 4404
735 4410
736 4416
737 4422
738 4428
739 4434
740 4440
741 4446
742 4452
743 4458
744 4464
745 4470
746 4476
747 4482
748 4488
749 4494
750 4500
751 4506
752 4512
753 4518
754 4524
755 4530
756 4536
757 4542
758 4548
759 4554
760 4560
761 4566
762 4572
763 4578
764 4584
765 4590
766 4596
767 4602
768 4608
769 4614
770 4620
771 4626
772 4632
773 4638
774 4644
775 4650
776 4656
777 4662
778 4668
779 4674
780 4680
781 4686
782 4692
783 4698
784 4704
785 4710
786 4716
787 4722
788 4728
789 4734
790 4740
791 4746
792 4752
793 4758
794 4764
795 4770
796 4776
797 4782
798 4788
799 4794
800 4800
801 4806
802 4812
803 4818
804 4824
805 4830
806 4836
807 4842
808 4848
809 4854
810 4860
811 4866
812 4872
813 4878
814 4884
815 4890
816 4896
817 4902
818 4908
819 4914
820 4920
821 4926
822 4932
823 4938
824 4944
825 4950
826 4956
827 4962
828 4968
829 4974
830 4980
831 4986
832 4992
833 4998
834 5004
835 5010
836 5016
837 5022
838 5028
839 5034
840 5040
841 5046
842 5052
843 5058
844 5064
845 5070
846 5076
847 5082
848 5088
849 5094
850 5100
851 5106
852 5112
853 5118
854 5124
855 5130
856 5136
857 5142
858 5148
859 5154
860 5160
861 5166
862 5172
863 5178
864 5184
865 5190
866 5196
867 5202
868 5208
869 5214
870 5220
871 5226
872 5232
873 5238
874 5244
875 5250
876 5256
877 5262
878 5268
879 5274
880 5280
881 5286
882 5292
883 5298
884 5304
885 5310
886 5316
887 5322
888 5328
889 5334
890 5340
891 5346
892 5352
893 5358
894 5364
895 5370
896 5376
897 5382
898 5388
899 5394
900 5400
901 5406
902 5412
903 5418
904 5424
905 5430
906 5436
907 5442
908 5448
909 5454
910 5460
911 5466
912 5472
913 5478
914 5484
915 5490
916 5496
917 5502
918 5508
919 5514
920 5520
921 5526
922 5532
923 5538
924 5544
925 5550
926 5556
927 5562
928 5568
929 5574
930 5580
931 5586
932 5592
933 5598
934 5604
935 5610
936 5616
937 5622
938 5628
939 5634
940 5640
941 5646
942 5652
943 5658
944 5664
945 5670
946 5676
947 5682
948 5688
949 5694
950 5700
951 5706
952 5712
953 5718
954 5724
955 5730
956 5736
957 5742
958 5748
959 5754
960 5760
961 5766
962 5772
963 5778
964 5784
965 5790
966 5796
967 5802
968 5808
969 5814
970 5820
971 5826
972 5832
973 5838
974 5844
975 5850
976 5856
977 5862
978 5868
979 5874
980 5880
981 5886
982 5892
983 5898
984 5904
985 5910
986 5916
987 5922
988 5928
989 5934
990 5940
991 5946
992 5952
993 5958
994 5964
995 5970
996 5976
997 5982
998 5988
999 5994
